15
 13
 11
 9
 9
 9
 9
 9
 9
 9
 9
 9
 9
 9
 9
 9
 9
 7
 9
 9
 9
 7
 7
 9
 9
 7
 7
 9
 9
 7
 7
 9
 9
 7
 7
 5
 9
 9
 7
 7
 5
 9
 5
 9
 7
 7
 5
 9
 5
 9
 7
 7
 5
 9
 7
 5
 9
 7
 5
 5
 9
 7
 9
 7
 5
 5
 9
 7
 3
 9
 5
 9
 7
 7
 5
 9
 7
 3
 3
 5
 7
 9
 5
 7
 9
 3
 3
 5
 7
 9
 5
 7
 9
 3
 3
 7
 9
 5
 5
 7
 9
 3
 3
 5
 7
 9
 5
 7
 9
 3
 3
 5
 7
 5
 7
 9
 3
 9
 3
 5
 7
 5
 7
 9
 3
 9
 5
 3
 7
 5
 7
 9
 3
 9
 3
 5
 7
 5
 9
 3
 7
 9
 3
 5
 5
 7
 9
 3
 7
 9
 3
 5
 5
 7
 7
 9
 3
 5
 9
 7
 9
 3
 5
 7
 9
 3
 5
 7
 3
 5
 7
 9
 9
 3
 3
 5
 7
 9
 5
 7
 9
 3
 3
 5
 7
 9
 5
 7
 9
 3
 3
 5
 7
 9
 5
 7
 9
 3
 3
 5
 7
 9
 5
 3
 7
 9
 3
 5
 5
 7
 9
 3
 7
 9
 3
 5
 5
 7
 9
 3
 7
 9
 3
 5
 5
 7
 9
 3
 7
 9
 3
 5
 5
 7
 7
 9
 3
 5
 9
 3
 5
 7
 7
 9
 3
 5
 9
 3
 5
 7
 7
 9
 3
 5
 9
 3
 5
 7
 7
 9
 3
 5
 7
 9
 3
 5
 7
 9
 3
 9
 3
 5
 7
 9
 5
 7
 9
 3
 5
 7
 3
 5
 7
 9
 9
 3
 5
 7
 3
 5
 7
 9
 9
 3
 5
 7
 9
 3
 5
 7
 9
 3
 5
 7
 9
 3
 5
 7
 9
 3
 5
 7
 9
 5
 7
 3
 